You see a faint pattern in the water...

10000010
00000001
01001101
01001000
00000001
10000010
00000001
01101001
01001000
00000001
10000010
00000001
01101110
01001000
00000001
10000010
00000001
01100101
01001000
00000001
10000010
00000001
00100000
01001000
00000001
10000010
00000001
01111001
01001000
00000001
10000010
00000001
01101111
01001000
00000001
10000010
00000001
01110101
01001000
00000001
10000010
00000001
01110010
01001000
00000001
10000010
00000001
00100000
01001000
00000001
10000010
00000001
01100011
01001000
00000001
10000010
00000001
01101111
01001000
00000001
10000010
00000001
01101001
01001000
00000001
10000010
00000001
01101110
01001000
00000001
10000010
00000001
00100000
01001000
00000001
10000010
00000001
01101001
01001000
00000001
10000010
00000001
01101110
01001000
00000001
10000010
00000001
00100000
01001000
00000001
10000010
00000001
01110010
01001000
00000001
10000010
00000001
01101111
01001000
00000001
10000010
00000001
01101111
01001000
00000001
10000010
00000001
01101101
01001000
00000001
10000010
00000001
00100000
01001000
00000001
10000010
00000001
11100100
10000010
00000010
11001101
10101000
00000001
00000010
10000010
00000010
11110101
10101011
00000001
00000010
01001000
00000001
10000010
00000001
10111101
10000010
00000010
11101010
10101000
00000001
00000010
10000010
00000010
10010000
10101011
00000001
00000010
01001000
00000001
10000010
00000001
00100011
10000010
00000010
10111011
10101000
00000001
00000010
10000010
00000010
00010111
10101011
00000001
00000010
01001000
00000001
00000001